S21_dataset=[5.6110	0.35793-0.92201i
5.6111	0.35746-0.92196i
5.6112	0.35697-0.92189i
5.6113	0.35645-0.92181i
5.6114	0.35592-0.92171i
5.6115	0.35535-0.92158i
5.6116	0.35476-0.92143i
5.6117	0.35413-0.92125i
5.6118	0.35348-0.92103i
5.6119	0.35280-0.92078i
5.6120	0.35208-0.92048i
5.6121	0.35133-0.92012i
5.6122	0.35055-0.91970i
5.6123	0.34974-0.91922i
5.6124	0.34891-0.91865i
5.6125	0.34805-0.91798i
5.6126	0.34717-0.91722i
5.6127	0.34629-0.91632i
5.6128	0.34541-0.91530i
5.6129	0.34455-0.91412i
5.6130	0.34375-0.91278i
5.6131	0.34302-0.91126i
5.6132	0.34240-0.90955i
5.6133	0.34195-0.90767i
5.6134	0.34169-0.90560i
5.6135	0.34170-0.90339i
5.6136	0.34202-0.90107i
5.6137	0.34268-0.89871i
5.6138	0.34373-0.89637i
5.6139	0.34516-0.89414i
5.6140	0.34696-0.89213i
5.6141	0.34908-0.89040i
5.6142	0.35144-0.88904i
5.6143	0.35396-0.88808i
5.6144	0.35653-0.88753i
5.6145	0.35906-0.88739i
5.6146	0.36147-0.88760i
5.6147	0.36372-0.88813i
5.6148	0.36574-0.88889i
5.6149	0.36754-0.88984i
5.6150	0.36910-0.89092i
5.6151	0.37044-0.89207i
5.6152	0.37156-0.89325i
5.6153	0.37250-0.89445i
5.6154	0.37327-0.89563i
5.6155	0.37389-0.89677i
5.6156	0.37438-0.89788i
5.6157	0.37477-0.89893i
5.6158	0.37506-0.89993i
5.6159	0.37528-0.90088i
5.6160	0.37543-0.90177i
5.6161	0.37553-0.90261i
5.6162	0.37558-0.90340i
5.6163	0.37559-0.90415i
5.6164	0.37558-0.90484i
5.6165	0.37554-0.90550i
5.6166	0.37547-0.90611i
5.6167	0.37539-0.90669i
5.6168	0.37530-0.90723i
5.6169	0.37519-0.90774i
5.6170	0.37507-0.90822i];

freq = S21_dataset(:,1);
S21_complex = S21_dataset(:,2);